         0
5.86126e-10
5.29745e-09
9.5458e-09
5.6677e-09
9.37439e-10
2.25759e-10
1.5859e-09
8.13943e-09
1.3937e-08
1.01114e-08
4.39072e-09
3.60013e-09
7.58162e-09
1.87326e-08
2.80857e-08
2.48259e-08
1.80452e-08
1.81672e-08
2.75436e-08
4.69115e-08
6.26447e-08
6.12972e-08
5.42775e-08
5.72353e-08
7.56919e-08
1.07745e-07
1.33486e-07
1.36217e-07
1.30658e-07
1.39293e-07
1.71414e-07
2.21453e-07
2.61621e-07
2.71402e-07
2.69869e-07
2.8793e-07
3.39181e-07
4.13327e-07
4.73112e-07
4.93711e-07
4.99624e-07
5.31753e-07
6.0847e-07
7.13648e-07
7.99003e-07
8.34965e-07
8.52587e-07
9.04307e-07
1.01368e-06
1.15761e-06
1.27523e-06
1.33187e-06
1.3663e-06
 1.444e-06
1.59407e-06
1.78523e-06
1.94255e-06
2.02594e-06
2.08308e-06
2.19402e-06
2.39365e-06
2.64129e-06
2.84646e-06
2.96342e-06
  3.05e-06
3.20227e-06
3.46113e-06
3.77525e-06
4.03713e-06
4.19521e-06
4.31875e-06
4.52127e-06
4.84985e-06
5.24118e-06
5.56931e-06
5.77678e-06
5.94558e-06
6.20812e-06
6.61769e-06
7.09766e-06
7.50228e-06
7.76811e-06
7.99127e-06
8.32438e-06
8.82698e-06
9.40776e-06
9.89976e-06
1.02336e-05
1.0521e-05
1.0936e-05
1.15445e-05
1.22389e-05
1.28298e-05
1.32421e-05
1.36043e-05
1.41135e-05
1.48413e-05
1.56629e-05
1.63649e-05
1.68667e-05
1.7315e-05
1.79312e-05
1.87927e-05
1.97557e-05
2.05817e-05
2.11846e-05
2.17312e-05
2.24681e-05
2.34783e-05
2.45974e-05
2.55608e-05
2.62773e-05
2.6935e-05
2.7807e-05
2.89818e-05
3.02725e-05
3.13873e-05
3.22304e-05
3.30127e-05
3.40351e-05
3.53907e-05
3.68692e-05
3.81501e-05
3.91334e-05
4.00546e-05
4.12433e-05
4.27969e-05
4.44798e-05
4.5942e-05
4.70799e-05
4.81549e-05
4.95266e-05
5.1296e-05
5.32006e-05
 5.486e-05
5.61672e-05
5.74117e-05
5.89837e-05
6.09874e-05
6.31317e-05
6.50045e-05
6.64967e-05
6.7927e-05
6.97174e-05
7.19744e-05
7.43769e-05
 7.648e-05
7.81734e-05
7.98065e-05
8.18341e-05
8.43642e-05
8.70438e-05
8.93948e-05
9.13059e-05
9.31595e-05
9.54437e-05
9.82673e-05
0.000101244
0.00010386
0.000106007
0.000108099
0.00011066
0.000113798
0.000117091
0.000119992
0.000122392
0.000124742
 0.0001276
0.000131075
0.000134705
0.00013791
0.00014058
0.000143208
0.000146386
0.000150218
0.000154207
0.000157734
0.000160696
0.000163621
0.00016714
0.000171353
0.000175723
0.000179593
0.000182864
0.000186108
0.00018999
0.000194608
0.00019938
0.000203614
0.000207215
0.000210799
0.000215069
0.000220115
0.000225312
0.00022993
0.000233882
0.000237828
0.000242509
0.000248007
0.000253653
0.000258676
0.000263001
0.000267332
0.000272448
0.000278424
0.000284541
0.000289993
0.000294711
0.00029945
0.000305028
0.000311507
0.00031812
0.000324021
0.000329155
0.000334327
0.000340391
0.000347399
0.000354532
0.000360906
0.000366479
0.000372107
0.000378685
0.000386248
0.000393926
0.000400796
0.000406831
0.000412942
0.000420059
0.000428205
0.000436453
0.000443843
0.000450364
0.000456982
0.000464666
0.000473422
0.000482267
 0.0004902
0.000497231
0.000504383
0.000512663
0.000522057
0.000531523
0.000540024
0.00054759
0.000555302
0.000564207
0.000574267
0.000584382
0.000593476
0.000601602
0.000609902
0.00061946
0.000630215
0.000641005
0.000650718
0.00065943
0.000668346
0.000678586
0.000690065
0.000701558
0.000711915
0.000721239
0.000730799
0.000741752
0.000753985
0.000766208
0.000777235
0.000787198
0.000797431
0.000809128
0.000822145
0.000835126
0.000846849
0.000857478
0.000868414
0.000880885
0.000894717
0.000908484
0.00092093
0.000932253
0.000943922
 0.0009572
0.000971877
0.000986459
0.000999655
 0.0010117
0.00102413
0.00103825
 0.0010538
0.00106923
 0.0010832
  0.001096
0.00110922
0.00112421
0.00114067
0.00115697
0.00117175
0.00118532
0.00119938
0.00121527
0.00123267
0.00124987
0.00126548
0.00127987
0.00129478
0.00131161
0.00132998
0.00134811
0.00136459
0.00137981
0.00139561
0.00141341
0.00143279
0.00145189
0.00146926
0.00148535
0.00150207
0.00152088
0.00154129
0.00156138
0.00157967
0.00159666
0.00161434
0.00163419
0.00165568
0.00167679
0.00169603
0.00171395
0.00173262
0.00175355
0.00177614
 0.0017983
0.00181852
0.00183741
0.00185711
0.00187914
0.00190287
0.00192612
0.00194735
0.00196723
0.00198799
0.00201117
0.00203608
0.00206044
0.00208271
0.00210362
0.00212547
0.00214984
0.00217595
0.00220147
0.00222481
0.00224677
0.00226976
0.00229535
 0.0023227
 0.0023494
0.00237384
 0.0023969
0.00242106
 0.0024479
0.00247653
0.00250444
0.00253002
0.00255421
0.00257957
 0.0026077
0.00263765
 0.0026668
0.00269354
0.00271889
 0.0027455
0.00277497
0.00280626
0.00283669
0.00286463
0.00289117
0.00291906
 0.0029499
0.00298257
0.00301431
0.00304348
0.00307126
0.00310046
0.00313271
0.00316681
0.00319989
0.00323032
0.00325937
0.00328993
0.00332362
0.00335917
0.00339363
0.00342536
0.00345571
0.00348766
0.00352285
0.00355989
0.00359575
0.00362881
 0.0036605
0.00369389
 0.0037306
0.00376917
0.00380648
 0.0038409
0.00387396
0.00390883
 0.0039471
0.00398724
0.00402602
0.00406184
0.00409632
0.00413269
0.00417258
0.00421431
0.00425461
0.00429186
0.00432778
0.00436571
0.00440725
0.00445062
0.00449246
0.00453117
0.00456859
0.00460811
0.00465133
0.00469638
 0.0047398
0.00478001
0.00481895
0.00486012
0.00490506
0.00495182
0.00499685
 0.0050386
0.00507911
0.00512195
0.00516867
0.00521718
0.00526386
0.00530718
0.00534929
0.00539385
0.00544237
0.00549267
0.00554103
0.00558596
0.00562971
0.00567604
0.00572641
0.00577854
0.00582861
0.00587518
0.00592062
0.00596875
0.00602102
  0.006075
0.00612683
0.00617508
0.00622224
0.00627222
0.00632642
0.00638231
0.00643592
0.00648589
0.00653481
0.00658669
0.00664286
0.00670069
0.00675613
0.00680784
0.00685857
0.00691238
0.00697058
0.00703038
0.00708767
0.00714117
0.00719375
0.00724954
 0.0073098
0.00737162
 0.0074308
0.00748613
 0.0075406
0.00759841
0.00766077
0.00772464
0.00778576
0.00784295
0.00789934
0.00795923
0.00802374
0.00808969
0.00815277
0.00821187
0.00827024
0.00833223
0.00839893
0.00846702
 0.0085321
0.00859314
0.00865352
0.00871767
 0.0087866
0.00885686
0.00892398
0.00898699
0.00904943
0.00911579
  0.009187
0.00925946
0.00932865
0.00939368
0.00945823
0.00952684
0.00960036
0.00967507
0.00974637
0.00981345
0.00988015
0.00995105
 0.0100269
 0.0101039
 0.0101774
 0.0102466
 0.0103154
 0.0103887
  0.010467
 0.0105463
 0.0106219
 0.0106932
 0.0107644
   0.01084
 0.0109207
 0.0110024
 0.0110802
 0.0111537
 0.0112271
 0.0113052
 0.0113884
 0.0114725
 0.0115526
 0.0116283
 0.0117041
 0.0117846
 0.0118704
 0.0119569
 0.0120393
 0.0121172
 0.0121953
 0.0122784
 0.0123668
 0.0124557
 0.0125405
 0.0126207
 0.0127013
 0.0127869
 0.0128779
 0.0129694
 0.0130565
 0.0131391
 0.0132221
 0.0133104
  0.013404
  0.013498
 0.0135875
 0.0136725
  0.013758
  0.013849
 0.0139453
 0.0140419
 0.0141339
 0.0142213
 0.0143094
  0.014403
 0.0145021
 0.0146014
 0.0146958
 0.0147857
 0.0148764
 0.0149728
 0.0150747
 0.0151766
 0.0152736
 0.0153659
 0.0154593
 0.0155585
 0.0156633
 0.0157679
 0.0158674
 0.0159623
 0.0160584
 0.0161605
 0.0162681
 0.0163755
 0.0164776
 0.0165751
 0.0166739
 0.0167789
 0.0168895
 0.0169996
 0.0171044
 0.0172045
 0.0173061
 0.0174141
 0.0175276
 0.0176406
  0.017748
 0.0178508
 0.0179553
 0.0180663
 0.0181828
 0.0182987
 0.0184088
 0.0185143
 0.0186217
 0.0187358
 0.0188553
 0.0189741
 0.0190869
 0.0191953
 0.0193055
 0.0194227
 0.0195454
 0.0196671
 0.0197828
 0.0198939
 0.0200072
 0.0201275
 0.0202534
  0.020378
 0.0204965
 0.0206105
 0.0207268
 0.0208504
 0.0209794
 0.0211071
 0.0212284
 0.0213453
 0.0214647
 0.0215916
 0.0217238
 0.0218545
 0.0219788
 0.0220987
 0.0222212
 0.0223514
 0.0224869
 0.0226207
 0.0227479
 0.0228708
 0.0229965
   0.02313
 0.0232689
 0.0234058
  0.023536
 0.0236619
 0.0237909
 0.0239278
   0.02407
 0.0242101
 0.0243433
 0.0244723
 0.0246046
  0.024745
 0.0248906
 0.0250339
 0.0251702
 0.0253023
  0.025438
 0.0255819
 0.0257309
 0.0258774
 0.0260168
 0.0261522
 0.0262912
 0.0264387
 0.0265912
  0.026741
 0.0268835
 0.0270221
 0.0271647
 0.0273157
 0.0274718
 0.0276249
 0.0277706
 0.0279125
 0.0280585
 0.0282132
 0.0283728
 0.0285293
 0.0286783
 0.0288235
 0.0289731
 0.0291315
 0.0292947
 0.0294546
 0.0296068
 0.0297554
 0.0299087
 0.0300708
 0.0302377
  0.030401
 0.0305565
 0.0307085
 0.0308655
 0.0310314
  0.031202
 0.0313688
 0.0315277
 0.0316832
 0.0318438
 0.0320136
 0.0321879
 0.0323582
 0.0325205
 0.0326795
  0.032844
 0.0330177
 0.0331958
 0.0333696
 0.0335353
 0.0336979
 0.0338662
 0.0340438
 0.0342258
 0.0344032
 0.0345724
 0.0347386
 0.0349108
 0.0350924
 0.0352782
 0.0354592
  0.035632
 0.0358019
  0.035978
 0.0361637
 0.0363534
 0.0365381
 0.0367144
  0.036888
 0.0370681
 0.0372579
 0.0374516
 0.0376399
 0.0378199
 0.0379973
 0.0381815
 0.0383754
  0.038573
 0.0387651
 0.0389487
   0.03913
 0.0393183
 0.0395164
  0.039718
 0.0399139
 0.0401012
 0.0402864
 0.0404788
 0.0406812
 0.0408869
 0.0410865
 0.0412776
 0.0414667
 0.0416633
   0.04187
 0.0420798
 0.0422833
 0.0424781
 0.0426713
 0.0428722
 0.0430832
 0.0432971
 0.0435045
 0.0437032
 0.0439004
 0.0441056
  0.044321
 0.0445391
 0.0447505
  0.044953
 0.0451543
 0.0453639
 0.0455837
 0.0458061
 0.0460214
 0.0462278
 0.0464333
 0.0466474
 0.0468717
 0.0470982
 0.0473175
  0.047528
 0.0477377
 0.0479562
  0.048185
 0.0484159
 0.0486393
 0.0488537
 0.0490677
 0.0492908
 0.0495242
 0.0497594
 0.0499868
 0.0502053
 0.0504236
 0.0506513
 0.0508893
 0.0511289
 0.0513604
 0.0515831
 0.0518058
 0.0520381
 0.0522808
 0.0525248
 0.0527605
 0.0529873
 0.0532144
 0.0534515
 0.0536989
 0.0539473
 0.0541872
 0.0544182
 0.0546499
 0.0548917
 0.0551438
 0.0553967
 0.0556408
 0.0558761
 0.0561123
  0.056359
 0.0566159
 0.0568733
 0.0571217
 0.0573613
 0.0576021
 0.0578537
 0.0581154
 0.0583774
 0.0586301
 0.0588741
 0.0591196
  0.059376
 0.0596427
 0.0599093
 0.0601663
 0.0604147
 0.0606649
 0.0609263
 0.0611979
 0.0614692
 0.0617306
 0.0619834
 0.0622384
 0.0625049
 0.0627815
 0.0630574
 0.0633232
 0.0635806
 0.0638404
  0.064112
 0.0643936
 0.0646742
 0.0649445
 0.0652064
 0.0654711
 0.0657479
 0.0660345
 0.0663199
 0.0665947
 0.0668612
 0.0671309
 0.0674129
 0.0677046
 0.0679947
 0.0682741
 0.0685453
   0.06882
 0.0691072
 0.0694042
 0.0696991
  0.069983
 0.0702589
 0.0705387
 0.0708312
 0.0711334
 0.0714331
 0.0717217
 0.0720024
 0.0722873
 0.0725852
 0.0728926
 0.0731972
 0.0734905
  0.073776
 0.0740661
 0.0743694
  0.074682
 0.0749916
 0.0752896
   0.07558
 0.0758754
 0.0761841
 0.0765021
 0.0768166
 0.0771193
 0.0774146
 0.0777153
 0.0780296
 0.0783529
 0.0786724
 0.0789799
 0.0792803
 0.0795864
 0.0799062
 0.0802349
 0.0805594
 0.0808718
 0.0811772
 0.0814887
 0.0818142
 0.0821483
 0.0824779
 0.0827951
 0.0831056
 0.0834226
 0.0837538
 0.0840934
 0.0844281
 0.0847502
 0.0850659
 0.0853884
 0.0857254
 0.0860705
 0.0864102
 0.0867374
 0.0870582
 0.0873864
 0.0877291
 0.0880798
 0.0884247
 0.0887569
  0.089083
 0.0894169
 0.0897654
 0.0901217
 0.0904718
  0.090809
 0.0911405
 0.0914801
 0.0918345
 0.0921964
 0.0925517
  0.092894
 0.0932309
 0.0935763
 0.0939367
 0.0943042
 0.0946648
 0.0950123
 0.0953546
 0.0957058
 0.0960722
 0.0964454
 0.0968113
  0.097164
 0.0975118
  0.097869
 0.0982413
 0.0986203
 0.0989916
 0.0993495
 0.0997028
  0.100066
  0.100444
  0.100829
  0.101206
  0.101569
  0.101928
  0.102297
  0.102682
  0.103072
  0.103454
  0.103823
  0.104188
  0.104563
  0.104954
   0.10535
  0.105737
  0.106111
  0.106482
  0.106863
   0.10726
  0.107663
  0.108055
  0.108435
  0.108811
  0.109199
  0.109602
   0.11001
  0.110409
  0.110793
  0.111175
  0.111569
  0.111979
  0.112393
  0.112797
  0.113187
  0.113575
  0.113976
  0.114392
  0.114812
  0.115221
  0.115617
  0.116011
  0.116418
   0.11684
  0.117266
  0.117682
  0.118083
  0.118483
  0.118896
  0.119325
  0.119757
  0.120178
  0.120585
  0.120992
  0.121411
  0.121847
  0.122285
  0.122711
  0.123124
  0.123537
  0.123963
  0.124405
  0.124849
  0.125281
    0.1257
  0.126119
  0.126552
     0.127
   0.12745
  0.127888
  0.128313
  0.128738
  0.129178
  0.129633
  0.130089
  0.130533
  0.130963
  0.131395
  0.131841
  0.132303
  0.132766
  0.133215
  0.133652
  0.134089
  0.134543
  0.135011
   0.13548
  0.135935
  0.136378
  0.136822
  0.137282
  0.137757
  0.138233
  0.138694
  0.139142
  0.139593
   0.14006
  0.140542
  0.141024
  0.141491
  0.141946
  0.142403
  0.142877
  0.143366
  0.143854
  0.144327
  0.144788
  0.145252
  0.145733
  0.146229
  0.146723
  0.147202
  0.147669
   0.14814
  0.148628
  0.149131
  0.149631
  0.150117
   0.15059
  0.151067
  0.151563
  0.152072
  0.152579
  0.153071
   0.15355
  0.154035
  0.154537
  0.155054
  0.155567
  0.156065
  0.156551
  0.157042
  0.157552
  0.158076
  0.158596
  0.159099
  0.159592
   0.16009
  0.160607
  0.161138
  0.161664
  0.162174
  0.162673
  0.163179
  0.163703
  0.164241
  0.164774
   0.16529
  0.165796
  0.166309
   0.16684
  0.167385
  0.167925
  0.168447
  0.168959
  0.169479
  0.170019
  0.170571
  0.171117
  0.171645
  0.172164
  0.172692
  0.173239
  0.173798
   0.17435
  0.174886
  0.175411
  0.175946
    0.1765
  0.177067
  0.177626
  0.178168
    0.1787
  0.179242
  0.179804
  0.180378
  0.180944
  0.181492
  0.182031
  0.182581
  0.183151
  0.183731
  0.184304
  0.184859
  0.185405
  0.185962
   0.18654
  0.187128
  0.187707
  0.188268
  0.188822
  0.189386
  0.189972
  0.190567
  0.191153
  0.191721
  0.192281
  0.192854
  0.193447
   0.19405
  0.194643
  0.195217
  0.195785
  0.196365
  0.196966
  0.197576
  0.198176
  0.198757
  0.199332
   0.19992
  0.200529
  0.201146
