         0
1.37779e-09
6.17383e-09
7.55968e-09
1.78188e-09
2.35424e-09
2.22739e-09
1.0533e-09
9.06099e-09
1.36585e-08
9.92691e-09
7.04765e-09
9.60741e-09
1.83101e-08
3.39545e-08
4.54394e-08
4.59353e-08
4.59085e-08
5.35572e-08
7.21183e-08
1.0068e-07
1.23538e-07
1.31266e-07
1.3657e-07
1.52886e-07
1.86645e-07
2.34245e-07
2.73755e-07
2.92534e-07
3.06514e-07
3.35988e-07
3.91174e-07
4.64756e-07
5.26981e-07
5.61422e-07
5.88286e-07
6.36302e-07
7.20019e-07
8.2734e-07
9.19105e-07
9.74609e-07
1.01941e-06
1.09224e-06
1.21245e-06
1.36206e-06
1.49094e-06
1.57368e-06
1.6423e-06
1.74709e-06
1.91261e-06
2.11384e-06
2.28816e-06
2.40506e-06
2.5042e-06
2.64896e-06
2.86943e-06
3.13239e-06
3.36118e-06
3.51993e-06
3.65711e-06
3.85069e-06
4.13659e-06
4.47211e-06
4.76513e-06
4.97414e-06
5.15769e-06
5.40978e-06
5.77237e-06
6.19205e-06
6.55975e-06
6.82816e-06
7.06718e-06
7.3883e-06
7.83965e-06
8.3558e-06
8.80932e-06
9.14698e-06
9.45136e-06
9.85284e-06
1.04058e-05
1.10314e-05
1.15826e-05
   1.2e-05
1.23804e-05
1.28744e-05
1.35426e-05
1.42915e-05
1.49527e-05
1.54612e-05
1.5929e-05
1.65284e-05
1.73262e-05
1.82127e-05
1.89971e-05
1.96086e-05
2.0176e-05
2.08946e-05
2.18371e-05
2.28762e-05
2.37976e-05
2.45246e-05
2.52046e-05
2.60567e-05
2.71598e-05
2.83673e-05
 2.944e-05
3.02959e-05
3.1102e-05
3.2103e-05
3.33831e-05
3.47754e-05
3.60144e-05
3.70131e-05
3.79596e-05
3.91254e-05
  4.06e-05
4.21941e-05
4.36149e-05
4.47708e-05
4.5873e-05
4.72203e-05
4.89072e-05
5.07207e-05
5.23395e-05
5.36679e-05
5.49414e-05
5.64878e-05
5.84056e-05
6.04567e-05
6.22902e-05
6.3807e-05
6.52682e-05
6.70317e-05
6.91998e-05
7.15073e-05
7.3573e-05
7.52944e-05
7.69606e-05
7.89602e-05
8.13984e-05
8.39818e-05
8.62974e-05
8.82405e-05
9.01294e-05
9.23846e-05
9.51137e-05
9.79928e-05
0.000100577
0.000102759
0.000104889
0.00010742
0.000110462
0.000113657
0.000116528
0.000118968
0.000121359
0.000124187
0.000127562
0.000131094
0.000134272
0.000136988
0.000139659
0.000142806
0.000146537
0.000150429
0.000153933
0.000156945
0.000159916
0.000163403
0.000167514
0.000171787
0.000175639
0.000178966
0.000182259
0.00018611
0.000190624
 0.0001953
0.00019952
0.000203183
0.00020682
0.000211058
0.000215999
0.000221102
0.000225711
0.000229732
0.000233734
0.000238383
0.000243776
0.00024933
0.000254351
0.00025875
0.000263141
0.000268226
0.000274096
0.000280124
0.000285579
0.000290379
0.000295182
0.000300729
0.000307102
0.000313629
0.000319541
0.000324764
0.000330004
0.000336038
0.000342941
0.000349991
0.000356383
0.000362053
0.000367754
0.000374302
0.000381761
0.000389361
0.000396257
0.000402397
0.000408584
0.000415674
0.000423717
0.000431892
0.000439316
0.00044595
0.00045265
0.000460308
0.000468963
0.000477739
0.000485716
0.000492869
0.000500108
0.000508364
0.000517658
0.000527063
0.000535617
0.000543314
0.000551119
0.000560001
0.000569965
0.000580024
0.000589181
0.000597449
0.000605847
0.000615384
0.000626046
0.000636789
0.000646575
0.000655438
0.000664458
0.000674681
0.000686071
0.000697523
0.000707964
0.00071745
0.000727121
0.00073806
0.000750208
0.000762399
0.000773522
0.000783657
0.000794008
0.000805694
0.00081863
0.000831589
0.00084342
0.000854233
0.000865293
0.000877757
0.000891514
0.000905268
0.000917836
0.000929354
0.000941154
0.000954429
0.000969036
0.000983616
0.000996947
 0.0010092
0.00102177
0.00103589
0.00105138
0.00106681
0.00108094
0.00109395
0.00110732
0.00112232
0.00113872
0.00115504
0.00116999
0.00118379
  0.001198
 0.0012139
0.00123126
0.00124849
0.00126428
0.00127891
0.00129399
0.00131083
0.00132917
0.00134735
0.00136402
 0.0013795
0.00139547
0.00141329
0.00143264
 0.0014518
0.00146938
0.00148574
0.00150265
0.00152148
0.00154188
0.00156204
0.00158056
0.00159784
0.00161571
0.00163559
0.00165707
0.00167827
0.00169776
0.00171598
0.00173486
0.00175582
0.00177841
0.00180069
0.00182117
0.00184038
0.00186028
0.00188237
0.00190611
0.00192949
  0.001951
0.00197121
0.00199219
0.00201543
0.00204036
0.00206487
0.00208745
 0.0021087
0.00213079
0.00215522
0.00218137
0.00220705
0.00223071
0.00225305
0.00227628
0.00230194
0.00232934
0.00235622
0.00238101
0.00240445
0.00242886
0.00245579
0.00248449
 0.0025126
0.00253854
0.00256313
0.00258876
0.00261699
0.00264702
0.00267639
0.00270352
0.00272929
0.00275617
0.00278575
0.00281714
0.00284781
0.00287617
0.00290315
0.00293132
0.00296229
0.00299507
0.00302708
0.00305669
0.00308492
0.00311442
0.00314681
0.00318103
 0.0032144
 0.0032453
0.00327482
0.00330569
0.00333954
0.00337523
   0.00341
0.00344222
0.00347306
0.00350534
0.00354069
0.00357789
 0.0036141
0.00364767
0.00367987
 0.0037136
0.00375049
0.00378924
0.00382692
0.00386188
0.00389548
 0.0039307
0.00396916
 0.0040095
0.00404868
0.00408506
 0.0041201
0.00415684
0.00419693
0.00423889
0.00427961
0.00431745
0.00435395
0.00439227
0.00443402
0.00447764
0.00451993
0.00455927
0.00459728
0.00463721
0.00468067
0.00472599
0.00476988
0.00481075
0.00485031
0.00489189
0.00493709
0.00498415
0.00502969
0.00507212
0.00511326
0.00515654
0.00520353
0.00525236
0.00529958
0.00534361
0.00538638
 0.0054314
0.00548021
0.00553086
0.00557979
0.00562546
 0.0056699
0.00571669
0.00576738
0.00581988
0.00587056
 0.0059179
0.00596404
0.00601266
0.00606526
0.00611965
0.00617212
0.00622117
0.00626906
0.00631955
 0.0063741
0.00643042
0.00648471
 0.0065355
0.00658519
0.00663759
0.00669414
0.00675242
0.00680857
0.00686115
0.00691266
0.00696702
0.00702561
 0.0070859
0.00714394
0.00719835
0.00725173
0.00730808
0.00736876
 0.0074311
0.00749107
0.00754733
0.00760263
0.00766103
0.00772384
0.00778826
0.00785019
0.00790836
0.00796561
 0.0080261
0.00809108
0.00815763
0.00822156
0.00828166
0.00834092
0.00840354
0.00847073
0.00853945
0.00860542
 0.0086675
 0.0087288
 0.0087936
0.00886305
0.00893397
0.00900202
0.00906611
0.00912949
0.00919652
0.00926828
0.00934144
0.00941161
0.00947775
0.00954326
0.00961256
0.00968666
0.00976211
0.00983443
0.00990266
0.00997035
  0.010042
 0.0101185
 0.0101962
 0.0102707
 0.0103411
  0.010411
  0.010485
 0.0105639
 0.0106441
 0.0107208
 0.0107933
 0.0108655
 0.0109419
 0.0110233
 0.0111058
 0.0111848
 0.0112596
 0.0113341
 0.0114129
 0.0114969
 0.0115818
 0.0116631
 0.0117402
  0.011817
 0.0118984
 0.0119849
 0.0120723
 0.0121559
 0.0122353
 0.0123145
 0.0123984
 0.0124875
 0.0125775
 0.0126635
 0.0127452
 0.0128269
 0.0129134
 0.0130052
 0.0130977
 0.0131861
 0.0132701
 0.0133543
 0.0134435
  0.013538
 0.0136331
  0.013724
 0.0138104
 0.0138972
 0.0139891
 0.0140863
  0.014184
 0.0142774
 0.0143663
 0.0144556
 0.0145503
 0.0146503
 0.0147507
 0.0148466
 0.0149381
   0.01503
 0.0151274
 0.0152303
 0.0153334
 0.0154319
 0.0155259
 0.0156205
 0.0157208
 0.0158265
 0.0159325
 0.0160335
 0.0161301
 0.0162275
 0.0163307
 0.0164393
  0.016548
 0.0166518
  0.016751
 0.0168511
 0.0169573
 0.0170689
 0.0171804
 0.0172868
 0.0173887
 0.0174917
 0.0176008
 0.0177155
 0.0178299
  0.017939
 0.0180436
 0.0181495
 0.0182617
 0.0183794
 0.0184967
 0.0186086
  0.018716
 0.0188248
 0.0189401
 0.0190609
 0.0191812
 0.0192959
 0.0194061
 0.0195179
 0.0196363
 0.0197602
 0.0198835
 0.0200011
 0.0201141
 0.0202289
 0.0203506
 0.0204777
  0.020604
 0.0207244
 0.0208404
 0.0209583
 0.0210832
 0.0212135
 0.0213429
 0.0214663
 0.0215852
 0.0217062
 0.0218344
 0.0219681
 0.0221006
 0.0222269
 0.0223488
  0.022473
 0.0226045
 0.0227415
 0.0228771
 0.0230065
 0.0231314
 0.0232589
 0.0233938
 0.0235342
  0.023673
 0.0238054
 0.0239334
 0.0240642
 0.0242025
 0.0243463
 0.0244883
 0.0246238
  0.024755
 0.0248891
 0.0250309
 0.0251782
 0.0253235
 0.0254621
 0.0255965
  0.025734
 0.0258793
 0.0260301
 0.0261787
 0.0263205
 0.0264581
  0.026599
  0.026748
 0.0269023
 0.0270543
 0.0271992
 0.0273401
 0.0274846
 0.0276372
 0.0277951
 0.0279504
 0.0280987
 0.0282429
 0.0283909
 0.0285472
 0.0287087
 0.0288675
  0.029019
 0.0291666
 0.0293182
 0.0294783
 0.0296435
 0.0298057
 0.0299606
 0.0301116
 0.0302669
 0.0304308
 0.0305996
 0.0307654
 0.0309236
 0.0310781
 0.0312371
 0.0314049
 0.0315775
 0.0317468
 0.0319084
 0.0320665
 0.0322292
 0.0324009
 0.0325773
 0.0327502
 0.0329153
 0.0330769
 0.0332435
 0.0334191
 0.0335994
 0.0337759
 0.0339445
 0.0341098
 0.0342802
 0.0344598
  0.034644
 0.0348241
 0.0349963
 0.0351652
 0.0353396
 0.0355233
 0.0357114
 0.0358952
  0.036071
 0.0362436
  0.036422
 0.0366098
 0.0368018
 0.0369894
 0.0371688
 0.0373453
 0.0375277
 0.0377196
 0.0379157
  0.038107
 0.0382901
 0.0384704
 0.0386569
  0.038853
 0.0390532
 0.0392483
 0.0394351
 0.0396193
   0.03981
 0.0400103
 0.0402146
 0.0404136
 0.0406042
 0.0407923
 0.0409872
 0.0411918
 0.0414002
 0.0416031
 0.0417975
 0.0419896
 0.0421888
 0.0423978
 0.0426103
 0.0428171
 0.0430154
 0.0432116
  0.043415
 0.0436284
 0.0438452
  0.044056
 0.0442582
 0.0444585
 0.0446663
 0.0448841
 0.0451052
   0.04532
 0.0455261
 0.0457305
 0.0459428
 0.0461651
 0.0463905
 0.0466093
 0.0468194
 0.0470281
 0.0472448
 0.0474717
 0.0477014
 0.0479243
 0.0481385
 0.0483514
 0.0485727
 0.0488042
 0.0490383
 0.0492653
 0.0494835
 0.0497008
 0.0499267
 0.0501628
 0.0504013
 0.0506325
 0.0508549
 0.0510765
 0.0513071
 0.0515479
 0.0517908
 0.0520262
 0.0522528
 0.0524789
 0.0527141
 0.0529597
 0.0532071
 0.0534468
 0.0536776
 0.0539082
 0.0541482
 0.0543985
 0.0546505
 0.0548944
 0.0551295
 0.0553646
 0.0556094
 0.0558646
 0.0561212
 0.0563694
 0.0566088
 0.0568486
 0.0570983
 0.0573583
 0.0576195
 0.0578721
 0.0581159
 0.0583603
 0.0586149
 0.0588799
 0.0591457
 0.0594027
 0.0596509
 0.0599001
 0.0601597
 0.0604297
 0.0607002
 0.0609616
 0.0612143
 0.0614682
 0.0617329
 0.0620079
 0.0622831
  0.062549
 0.0628062
  0.063065
 0.0633348
 0.0636148
 0.0638948
 0.0641652
  0.064427
 0.0646907
 0.0649656
 0.0652508
 0.0655356
 0.0658105
  0.066077
 0.0663456
 0.0666258
 0.0669161
 0.0672057
 0.0674853
 0.0677564
   0.06803
 0.0683155
 0.0686109
 0.0689054
 0.0691897
 0.0694655
 0.0697443
  0.070035
 0.0703357
 0.0706351
  0.070924
 0.0712047
 0.0714886
 0.0717847
 0.0720907
  0.072395
 0.0726887
 0.0729742
 0.0732632
 0.0735648
 0.0738761
 0.0741854
 0.0744838
 0.0747742
 0.0750685
 0.0753756
 0.0756923
 0.0760066
 0.0763098
 0.0766052
 0.0769048
 0.0772174
 0.0775395
 0.0778589
  0.078167
 0.0784673
 0.0787723
 0.0790905
 0.0794181
 0.0797426
 0.0800555
 0.0803609
 0.0806714
 0.0809952
 0.0813283
 0.0816579
 0.0819758
 0.0822863
 0.0826022
 0.0829318
 0.0832704
 0.0836052
  0.083928
 0.0842437
 0.0845652
 0.0849005
 0.0852447
 0.0855847
 0.0859125
 0.0862335
 0.0865606
 0.0869017
 0.0872515
 0.0875967
 0.0879296
 0.0882559
 0.0885886
 0.0889356
  0.089291
 0.0896415
 0.0899796
 0.0903112
 0.0906497
 0.0910026
 0.0913637
 0.0917195
 0.0920627
 0.0923997
  0.092744
 0.0931028
 0.0934697
 0.0938309
 0.0941793
 0.0945217
 0.0948719
 0.0952367
 0.0956094
 0.0959759
 0.0963295
 0.0966775
 0.0970336
 0.0974045
  0.097783
 0.0981549
 0.0985138
 0.0988673
 0.0992294
 0.0996065
 0.0999908
  0.100368
  0.100732
  0.101092
   0.10146
  0.101843
  0.102233
  0.102616
  0.102986
   0.10335
  0.103725
  0.104114
   0.10451
  0.104899
  0.105274
  0.105644
  0.106025
   0.10642
  0.106823
  0.107217
  0.107597
  0.107973
   0.10836
  0.108762
   0.10917
   0.10957
  0.109956
  0.110338
  0.110731
  0.111139
  0.111554
  0.111959
   0.11235
  0.112739
  0.113138
  0.113553
  0.113973
  0.114384
  0.114781
  0.115175
  0.115581
  0.116002
  0.116428
  0.116845
  0.117248
  0.117648
   0.11806
  0.118488
   0.11892
  0.119343
  0.119751
  0.120158
  0.120576
  0.121011
  0.121449
  0.121877
  0.122292
  0.122704
   0.12313
  0.123571
  0.124015
  0.124449
   0.12487
  0.125288
   0.12572
  0.126168
  0.126619
  0.127059
  0.127485
   0.12791
  0.128349
  0.128803
   0.12926
  0.129706
  0.130138
  0.130569
  0.131015
  0.131476
  0.131939
  0.132391
  0.132829
  0.133267
  0.133719
  0.134187
  0.134657
  0.135114
  0.135558
  0.136003
  0.136462
  0.136937
  0.137413
  0.137876
  0.138326
  0.138777
  0.139243
  0.139725
  0.140208
  0.140677
  0.141133
  0.141591
  0.142064
  0.142553
  0.143042
  0.143517
   0.14398
  0.144444
  0.144924
   0.14542
  0.145915
  0.146397
  0.146866
  0.147337
  0.147824
  0.148326
  0.148828
  0.149316
  0.149791
  0.150269
  0.150764
  0.151273
  0.151782
  0.152275
  0.152757
  0.153242
  0.153744
   0.15426
  0.154775
  0.155275
  0.155763
  0.156255
  0.156764
  0.157288
  0.157809
  0.158316
   0.15881
  0.159309
  0.159825
  0.160356
  0.160884
  0.161397
  0.161898
  0.162404
  0.162928
  0.163465
     0.164
  0.164519
  0.165027
   0.16554
  0.166071
  0.166616
  0.167158
  0.167683
  0.168198
  0.168718
  0.169257
  0.169809
  0.170357
  0.170889
   0.17141
  0.171938
  0.172484
  0.173044
  0.173599
  0.174137
  0.174665
    0.1752
  0.175754
  0.176321
  0.176882
  0.177427
  0.177962
  0.178504
  0.179066
   0.17964
  0.180209
   0.18076
  0.181302
  0.181851
  0.182421
  0.183003
  0.183578
  0.184136
  0.184684
  0.185242
  0.185819
  0.186408
   0.18699
  0.187555
   0.18811
  0.188676
  0.189261
  0.189857
  0.190446
  0.191017
   0.19158
  0.192153
  0.192746
   0.19335
  0.193946
  0.194524
  0.195094
  0.195674
  0.196275
  0.196887
  0.197489
  0.198074
  0.198651
   0.19924
  0.199849
  0.200468
  0.201077
  0.201669
  0.202253
   0.20285
  0.203467
  0.204093
   0.20471
  0.205309
    0.2059
  0.206504
   0.20713
  0.207764
  0.208387
  0.208993
  0.209592
  0.210204
  0.210838
  0.211479
