         0
7.91664e-10
8.76375e-10
-1.98611e-09
-3.88582e-09
-3.29168e-09
-2.45315e-09
-5.32602e-10
9.21567e-10
-2.78545e-10
-1.84442e-10
2.65693e-09
6.00728e-09
1.07284e-08
1.52219e-08
1.73536e-08
2.11094e-08
2.78633e-08
 3.539e-08
4.45747e-08
5.37684e-08
6.08928e-08
6.99692e-08
8.22923e-08
9.56511e-08
1.10953e-07
 1.265e-07
1.40269e-07
1.56316e-07
1.75856e-07
1.96694e-07
2.1976e-07
2.43303e-07
2.6536e-07
2.9002e-07
3.18416e-07
3.48372e-07
3.80838e-07
4.14012e-07
4.45992e-07
4.80898e-07
5.19781e-07
5.60485e-07
6.03979e-07
6.48411e-07
6.91941e-07
7.38717e-07
7.89709e-07
8.42782e-07
8.98925e-07
9.56233e-07
1.01293e-06
1.07319e-06
1.13791e-06
1.20496e-06
1.27536e-06
1.34716e-06
1.41863e-06
1.49399e-06
1.57403e-06
1.65667e-06
1.74294e-06
1.83082e-06
1.91867e-06
2.01072e-06
2.10769e-06
2.20751e-06
2.31124e-06
2.4168e-06
2.52262e-06
2.63295e-06
2.74843e-06
2.86703e-06
2.9898e-06
3.11462e-06
  3.24e-06
3.3702e-06
3.50578e-06
3.64473e-06
3.78811e-06
3.93378e-06
4.08029e-06
4.23193e-06
4.38918e-06
4.55005e-06
4.71563e-06
4.8837e-06
5.05291e-06
5.22757e-06
5.40804e-06
5.5924e-06
5.78173e-06
5.97377e-06
6.16725e-06
6.36646e-06
6.57172e-06
6.78112e-06
6.99576e-06
7.21333e-06
7.43262e-06
7.65795e-06
7.88954e-06
8.12553e-06
8.36703e-06
8.61166e-06
8.85831e-06
9.1113e-06
9.37076e-06
9.63489e-06
9.90477e-06
1.0178e-05
1.04535e-05
1.07357e-05
1.10246e-05
1.13184e-05
1.16182e-05
1.19216e-05
1.22275e-05
1.25404e-05
1.28602e-05
1.31852e-05
1.35165e-05
1.38515e-05
1.41894e-05
1.45345e-05
1.48868e-05
1.52444e-05
1.56086e-05
1.59768e-05
1.63482e-05
1.67271e-05
1.71133e-05
1.75052e-05
1.79038e-05
1.83067e-05
1.8713e-05
1.91272e-05
1.95488e-05
1.99764e-05
2.04111e-05
2.08501e-05
2.12929e-05
2.17438e-05
2.22024e-05
2.26672e-05
2.31393e-05
2.36159e-05
2.40967e-05
2.45858e-05
2.50829e-05
2.55863e-05
2.60974e-05
2.66132e-05
2.71334e-05
2.76622e-05
2.81992e-05
2.87428e-05
2.92943e-05
2.98507e-05
3.04118e-05
3.09818e-05
3.15602e-05
3.21455e-05
3.27388e-05
3.33373e-05
3.39408e-05
3.45534e-05
3.51746e-05
3.5803e-05
3.64397e-05
3.70818e-05
3.77291e-05
3.83858e-05
3.90513e-05
3.97243e-05
4.04058e-05
4.10928e-05
4.17854e-05
4.24878e-05
4.3199e-05
4.3918e-05
4.46457e-05
4.53792e-05
4.61185e-05
4.68679e-05
4.76263e-05
4.83927e-05
4.91681e-05
4.99495e-05
5.0737e-05
5.15348e-05
5.23419e-05
5.31572e-05
5.39817e-05
5.48124e-05
5.56495e-05
5.64971e-05
5.73542e-05
5.82199e-05
5.90949e-05
5.99763e-05
6.08645e-05
6.17634e-05
6.2672e-05
6.35894e-05
6.45164e-05
6.54499e-05
6.63905e-05
6.73421e-05
6.83036e-05
6.92741e-05
7.02545e-05
7.12417e-05
7.22361e-05
7.32418e-05
7.42576e-05
7.52827e-05
7.63178e-05
7.73599e-05
7.84096e-05
7.94708e-05
8.05423e-05
8.16233e-05
8.27146e-05
8.38131e-05
8.49194e-05
8.60376e-05
8.71661e-05
8.83045e-05
8.94533e-05
9.06096e-05
9.17739e-05
9.29504e-05
9.41374e-05
9.53345e-05
9.65423e-05
9.77576e-05
9.89814e-05
0.000100218
0.000101464
0.000102722
0.00010399
0.000105266
0.00010655
0.000107847
0.000109155
0.000110474
0.000111804
0.000113142
0.000114488
0.000115848
0.000117219
 0.0001186
0.000119993
0.000121394
0.000122804
0.000124227
0.000125662
0.000127108
0.000128565
0.000130031
0.000131506
0.000132994
0.000134494
0.000136005
0.000137528
0.00013906
0.000140601
0.000142156
0.000143723
0.000145301
0.000146891
0.00014849
0.000150099
0.000151721
0.000153356
0.000155002
0.000156661
0.000158328
0.000160006
0.000161698
0.000163402
0.000165117
0.000166846
0.000168583
0.000170331
0.000172093
0.000173868
0.000175655
0.000177454
0.000179263
0.000181082
0.000182916
0.000184763
0.000186622
0.000188493
0.000190375
0.000192267
0.000194174
0.000196094
0.000198026
0.000199972
0.000201927
0.000203894
0.000205875
0.000207869
0.000209877
0.000211897
0.000213927
0.00021597
0.000218027
0.000220097
0.00022218
0.000224277
0.000226384
0.000228503
0.000230637
0.000232784
0.000234945
0.00023712
0.000239304
0.000241501
0.000243714
0.000245939
0.000248179
0.000250432
0.000252696
0.000254972
0.000257264
0.00025957
0.000261889
0.000264222
0.000266566
0.000268923
0.000271296
0.000273683
0.000276083
0.000278498
0.000280924
0.000283363
0.000285818
0.000288286
0.00029077
0.000293267
0.000295775
0.000298298
0.000300836
0.000303388
0.000305955
0.000308537
0.000311129
0.000313736
0.000316359
0.000318996
0.000321648
0.000324314
0.000326992
0.000329684
0.000332393
0.000335116
0.000337855
0.000340608
0.000343372
0.000346151
0.000348947
0.000351758
0.000354584
0.000357424
0.000360277
0.000363144
0.000366028
0.000368927
0.000371842
0.000374771
0.000377713
0.00038067
0.000383643
0.000386632
0.000389637
0.000392657
0.000395688
0.000398736
 0.0004018
0.00040488
0.000407976
0.000411087
0.000414211
0.00041735
0.000420506
0.000423678
0.000426866
0.00043007
0.000433286
0.000436519
0.000439769
0.000443034
0.000446316
0.000449613
0.000452924
0.00045625
0.000459594
0.000462954
0.000466331
0.000469724
0.000473129
0.000476551
0.000479991
0.000483447
0.00048692
0.000490408
0.00049391
0.000497429
0.000500966
0.000504518
0.000508088
0.000511675
0.000515274
0.000518891
0.000522525
0.000526176
0.000529845
0.00053353
0.000537228
0.000540944
0.000544678
0.000548428
0.000552196
0.000555981
0.000559779
0.000563595
0.000567429
0.00057128
0.000575149
0.000579035
0.000582934
0.000586851
0.000590787
0.00059474
0.000598711
0.000602699
 0.0006067
0.00061072
0.000614759
0.000618814
0.000622889
0.000626979
0.000631085
0.000635209
0.000639351
0.000643511
0.000647689
0.000651884
0.000656094
0.000660323
0.000664571
0.000668836
0.00067312
0.00067742
0.000681736
0.000686071
0.000690425
0.000694796
0.000699187
0.000703594
0.000708017
0.000712459
0.00071692
0.000721399
0.000725897
0.000730413
0.000734944
0.000739494
0.000744064
0.000748651
0.000753258
0.000757883
0.000762523
0.000767183
0.000771862
0.00077656
0.000781277
0.000786012
0.000790762
0.000795532
0.000800322
0.000805131
0.000809959
0.000814805
0.000819667
0.00082455
0.000829451
0.000834372
0.000839313
0.000844271
0.000849246
0.000854241
0.000859256
0.00086429
0.000869344
0.000874416
0.000879504
0.000884613
0.000889742
0.00089489
0.000900059
0.000905246
0.000910449
0.000915673
0.000920917
0.000926181
0.000931465
0.000936768
0.000942087
0.000947427
0.000952788
0.000958168
0.000963569
0.000968988
0.000974425
0.000979882
0.00098536
0.000990858
0.000996377
0.00100191
0.00100747
0.00101304
0.00101864
0.00102426
 0.0010299
0.00103555
0.00104123
0.00104692
0.00105264
0.00105837
0.00106413
0.00106991
 0.0010757
0.00108152
0.00108736
0.00109321
0.00109909
0.00110499
0.00111091
0.00111684
 0.0011228
0.00112878
0.00113478
 0.0011408
0.00114684
 0.0011529
0.00115898
0.00116508
0.00117121
0.00117735
0.00118351
 0.0011897
 0.0011959
0.00120213
0.00120838
0.00121465
0.00122093
0.00122724
0.00123357
0.00123992
 0.0012463
0.00125269
 0.0012591
0.00126554
  0.001272
0.00127847
0.00128497
0.00129149
0.00129803
 0.0013046
0.00131118
0.00131778
0.00132441
0.00133106
0.00133773
0.00134442
0.00135113
0.00135786
0.00136462
 0.0013714
0.00137819
0.00138501
0.00139185
0.00139871
 0.0014056
0.00141251
0.00141943
0.00142638
0.00143335
0.00144035
0.00144736
 0.0014544
0.00146146
0.00146854
0.00147564
0.00148277
0.00148991
0.00149708
0.00150427
0.00151148
0.00151872
0.00152598
0.00153326
0.00154056
0.00154788
0.00155523
0.00156259
0.00156999
 0.0015774
0.00158484
0.00159229
0.00159977
0.00160727
 0.0016148
0.00162235
0.00162992
0.00163751
0.00164513
0.00165276
0.00166043
0.00166811
0.00167582
0.00168354
 0.0016913
0.00169907
0.00170687
0.00171469
0.00172253
 0.0017304
0.00173829
 0.0017462
0.00175413
0.00176209
0.00177007
0.00177808
 0.0017861
0.00179415
0.00180223
0.00181033
0.00181845
0.00182659
0.00183475
0.00184294
0.00185116
 0.0018594
0.00186766
0.00187594
0.00188424
0.00189257
0.00190093
0.00190931
0.00191771
0.00192613
0.00193458
0.00194305
0.00195155
0.00196007
0.00196861
0.00197717
0.00198576
0.00199438
0.00200302
0.00201168
0.00202037
0.00202907
0.00203781
0.00204656
0.00205535
0.00206415
0.00207298
0.00208184
0.00209071
0.00209961
0.00210854
0.00211749
0.00212647
0.00213546
0.00214449
0.00215353
0.00216261
 0.0021717
0.00218082
0.00218997
0.00219914
0.00220833
0.00221755
0.00222679
0.00223606
0.00224535
0.00225467
0.00226401
0.00227337
0.00228276
0.00229218
0.00230162
0.00231108
0.00232057
0.00233008
0.00233963
0.00234919
0.00235877
0.00236839
0.00237803
0.00238769
0.00239738
0.00240709
0.00241683
0.00242659
0.00243638
 0.0024462
0.00245604
 0.0024659
0.00247579
 0.0024857
0.00249564
0.00250561
 0.0025156
0.00252561
0.00253565
0.00254572
0.00255581
0.00256593
0.00257607
0.00258624
0.00259643
0.00260665
0.00261689
0.00262716
0.00263746
0.00264778
0.00265813
 0.0026685
 0.0026789
0.00268932
0.00269977
0.00271025
0.00272075
0.00273128
0.00274183
0.00275241
0.00276302
0.00277365
 0.0027843
0.00279499
0.00280569
0.00281643
0.00282719
0.00283798
0.00284879
0.00285963
 0.0028705
0.00288139
0.00289231
0.00290325
0.00291422
0.00292522
0.00293624
0.00294729
0.00295837
0.00296947
 0.0029806
0.00299176
0.00300294
0.00301415
0.00302538
0.00303664
0.00304793
0.00305924
0.00307059
0.00308196
0.00309335
0.00310477
0.00311622
0.00312769
0.00313919
0.00315072
0.00316228
0.00317386
0.00318547
0.00319711
0.00320877
0.00322046
0.00323218
0.00324392
0.00325569
0.00326749
0.00327931
0.00329117
0.00330305
0.00331495
0.00332688
0.00333885
0.00335083
0.00336285
0.00337489
0.00338696
0.00339906
0.00341118
0.00342333
0.00343552
0.00344772
0.00345996
0.00347222
0.00348451
0.00349682
0.00350917
0.00352154
0.00353394
0.00354637
0.00355882
 0.0035713
0.00358382
0.00359635
0.00360892
0.00362151
0.00363413
0.00364678
0.00365946
0.00367217
 0.0036849
0.00369766
0.00371045
0.00372326
0.00373611
0.00374898
0.00376188
0.00377481
0.00378777
0.00380075
0.00381377
0.00382681
0.00383987
0.00385297
 0.0038661
0.00387925
0.00389244
0.00390565
0.00391888
0.00393215
0.00394545
0.00395877
0.00397213
0.00398551
0.00399891
0.00401235
0.00402582
0.00403931
0.00405284
0.00406639
0.00407997
0.00409358
0.00410722
0.00412088
0.00413458
0.00414831
0.00416206
0.00417584
0.00418965
0.00420349
0.00421736
0.00423126
0.00424518
0.00425914
0.00427312
0.00428713
0.00430118
0.00431525
0.00432935
0.00434348
0.00435763
0.00437182
0.00438604
0.00440028
0.00441456
0.00442886
0.00444319
0.00445756
0.00447195
0.00448637
0.00450082
 0.0045153
0.00452981
0.00454435
0.00455892
0.00457351
0.00458814
 0.0046028
0.00461748
 0.0046322
0.00464694
0.00466172
0.00467652
0.00469135
0.00470622
0.00472111
0.00473604
0.00475099
0.00476597
0.00478098
0.00479602
0.00481109
 0.0048262
0.00484133
0.00485649
0.00487168
 0.0048869
0.00490215
0.00491743
0.00493274
0.00494808
0.00496345
0.00497885
0.00499428
0.00500975
0.00502524
0.00504076
0.00505631
0.00507189
 0.0050875
0.00510315
0.00511882
0.00513452
0.00515025
0.00516602
0.00518181
0.00519764
0.00521349
0.00522937
0.00524529
0.00526123
0.00527721
0.00529322
0.00530926
0.00532532
0.00534142
0.00535755
0.00537371
 0.0053899
0.00540612
0.00542237
0.00543866
0.00545497
0.00547131
0.00548769
0.00550409
0.00552053
  0.005537
0.00555349
0.00557002
0.00558659
0.00560318
 0.0056198
0.00563645
0.00565313
0.00566985
0.00568659
0.00570337
0.00572018
0.00573702
0.00575389
0.00577079
0.00578772
0.00580469
0.00582168
 0.0058387
0.00585576
0.00587285
0.00588997
0.00590712
0.00592431
0.00594152
0.00595876
0.00597604
0.00599335
0.00601069
0.00602806
0.00604546
 0.0060629
0.00608036
0.00609786
0.00611539
0.00613295
0.00615054
0.00616817
0.00618582
0.00620351
0.00622123
0.00623898
0.00625676
0.00627457
0.00629242
 0.0063103
0.00632821
0.00634615
0.00636412
0.00638213
0.00640017
0.00641824
0.00643634
0.00645447
0.00647264
0.00649083
0.00650906
0.00652733
0.00654562
0.00656395
 0.0065823
0.00660069
0.00661912
0.00663757
0.00665606
0.00667458
0.00669313
0.00671171
0.00673033
0.00674898
0.00676766
0.00678637
0.00680511
0.00682389
 0.0068427
0.00686155
0.00688042
0.00689933
0.00691827
0.00693724
0.00695625
0.00697529
0.00699435
0.00701346
0.00703259
0.00705176
0.00707096
 0.0070902
0.00710946
0.00712876
0.00714809
0.00716746
0.00718686
0.00720629
0.00722575
0.00724525
0.00726478
0.00728434
0.00730394
0.00732357
0.00734323
0.00736292
0.00738264
 0.0074024
 0.0074222
0.00744203
0.00746189
0.00748178
 0.0075017
0.00752166
0.00754166
0.00756168
0.00758174
0.00760183
0.00762195
0.00764211
0.00766231
0.00768253
0.00770279
0.00772308
0.00774341
0.00776376
0.00778416
0.00780459
0.00782504
0.00784553
0.00786606
0.00788662
0.00790721
0.00792784
 0.0079485
0.00796919
0.00798992
0.00801068
0.00803148
0.00805231
0.00807317
0.00809407
0.00811499
0.00813596
0.00815696
0.00817799
0.00819905
0.00822015
0.00824128
0.00826245
0.00828365
0.00830489
0.00832616
0.00834746
0.00836879
0.00839016
0.00841157
0.00843301
0.00845448
0.00847599
0.00849753
 0.0085191
0.00854072
0.00856236
0.00858404
0.00860575
0.00862749
0.00864927
0.00867109
0.00869294
0.00871482
0.00873674
0.00875869
0.00878068
 0.0088027
0.00882476
0.00884685
0.00886897
0.00889113
0.00891332
0.00893555
0.00895782
0.00898011
0.00900244
0.00902481
0.00904721
0.00906965
0.00909212
0.00911462
0.00913716
0.00915973
0.00918234
0.00920499
0.00922766
0.00925038
0.00927312
 0.0092959
0.00931872
0.00934158
0.00936447
0.00938739
0.00941034
0.00943333
0.00945636
0.00947943
0.00950252
0.00952566
0.00954882
0.00957202
0.00959526
0.00961854
0.00964184
0.00966519
0.00968856
0.00971197
0.00973542
0.00975891
0.00978243
0.00980598
0.00982957
0.00985319
0.00987685
0.00990055
0.00992428
0.00994805
0.00997185
0.00999568
 0.0100196
 0.0100435
 0.0100674
 0.0100914
 0.0101154
 0.0101394
 0.0101635
 0.0101877
 0.0102118
  0.010236
 0.0102602
 0.0102845
 0.0103088
 0.0103331
